1 60
2 371
3 826
4 1054
5 782
6 694
7 551
8 425
9 349
10 307
11 271
12 249
13 238
14 219
15 190
16 187
17 179
18 169
19 141
20 164
21 118
22 116
23 111
24 123
25 108
26 111
27 98
28 120
29 93
30 99
31 82
32 102
33 91
34 84
35 93
36 84
37 86
38 81
39 82
40 85
41 88
42 83
43 75
44 67
45 81
46 77
47 77
48 77
49 63
50 80
51 74
52 77
53 79
54 76
55 71
56 82
57 73
58 69
59 67
60 74
61 67
62 87
63 69
64 75
65 71
66 60
67 63
68 69
69 63
70 66
71 75
72 85
73 75
74 69
75 71
76 61
77 87
78 71
79 68
80 65
81 69
82 81
83 77
84 82
85 105
86 78
87 101
88 92
89 93
90 82
91 97
92 81
93 112
94 102
95 111
96 99
97 99
98 109
99 118
100 117
101 124
102 112
103 116
104 135
105 133
106 135
107 140
108 140
109 148
110 159
111 165
112 171
113 149
114 160
115 152
116 185
117 168
118 192
119 160
120 193
121 192
122 219
123 230
124 211
125 219
126 250
127 262
128 252
129 265
130 291
131 284
132 301
133 298
134 317
135 292
136 322
137 348
138 328
139 322
140 363
141 369
142 389
143 395
144 390
145 413
146 427
147 385
148 439
149 477
150 433
151 450
152 504
153 461
154 496
155 458
156 503
157 510
158 573
159 503
160 592
161 564
162 605
163 577
164 608
165 596
166 592
167 626
168 685
169 683
170 669
171 682
172 671
173 709
174 746
175 758
176 730
177 729
178 792
179 777
180 779
181 836
182 817
183 831
184 846
185 819
186 873
187 851
188 916
189 918
190 1015
191 937
192 980
193 991
194 1029
195 989
196 973
197 1011
198 1052
199 1053
200 1059
201 1039
202 1122
203 1088
204 1106
205 1071
206 1099
207 1232
208 1116
209 1215
210 1115
211 1187
212 1191
213 1230
214 1297
215 1267
216 1321
217 1231
218 1270
219 1290
220 1319
221 1316
222 1309
223 1373
224 1379
225 1422
226 1436
227 1455
228 1459
229 1479
230 1431
231 1535
232 1486
233 1523
234 1546
235 1509
236 1513
237 1470
238 1620
239 1539
240 1545
241 1531
242 1610
243 1669
244 1583
245 1558
246 1631
247 1605
248 1621
249 1614
250 1633
251 1596
252 1620
253 1719
254 1611
255 1707
256 1650
257 1672
258 1712
259 1796
260 1670
261 1793
262 1729
263 1775
264 1762
265 1786
266 1820
267 1828
268 1747
269 1724
270 1820
271 1781
272 1762
273 1748
274 1806
275 1861
276 1797
277 1903
278 1828
279 1807
280 1762
281 1866
282 1824
283 1845
284 1858
285 1895
286 1802
287 1910
288 1854
289 1840
290 1889
291 1810
292 1866
293 1830
294 1934
295 1857
296 1902
297 1907
298 1895
299 1870
300 1897
301 1810
302 1912
303 1908
304 1813
305 1829
306 1873
307 1838
308 1854
309 1852
310 1807
311 1794
312 1945
313 1884
314 1851
315 1864
316 1801
317 1792
318 1882
319 1867
320 1786
321 1915
322 1943
323 1769
324 1750
325 1843
326 1761
327 1760
328 1831
329 1758
330 1755
331 1823
332 1781
333 1757
334 1839
335 1801
336 1673
337 1727
338 1809
339 1803
340 1675
341 1782
342 1659
343 1741
344 1764
345 1731
346 1757
347 1679
348 1677
349 1686
350 1658
351 1608
352 1674
353 1632
354 1676
355 1600
356 1677
357 1715
358 1658
359 1656
360 1644
361 1557
362 1541
363 1454
364 1536
365 1451
366 1491
367 1453
368 1470
369 1464
370 1473
371 1490
372 1512
373 1439
374 1452
375 1349
376 1367
377 1440
378 1369
379 1395
380 1462
381 1373
382 1408
383 1398
384 1350
385 1366
386 1324
387 1365
388 1334
389 1360
390 1330
391 1335
392 1304
393 1320
394 1260
395 1285
396 1295
397 1273
398 1211
399 1346
400 1246
401 1199
402 1198
403 1246
404 1230
405 1220
406 1234
407 1219
408 1235
409 1204
410 1216
411 1170
412 1152
413 1169
414 1155
415 1242
416 1124
417 1177
418 1113
419 1087
420 1117
421 1117
422 1108
423 1050
424 1097
425 1108
426 1050
427 1041
428 1051
429 1022
430 1121
431 1063
432 1048
433 1038
434 1012
435 1058
436 1000
437 973
438 1059
439 947
440 972
441 976
442 964
443 958
444 1004
445 929
446 973
447 942
448 995
449 922
450 932
451 866
452 875
453 901
454 909
455 883
456 877
457 906
458 924
459 895
460 863
461 795
462 865
463 811
464 824
465 809
466 769
467 812
468 779
469 808
470 772
471 773
472 751
473 787
474 790
475 786
476 781
477 782
478 774
479 729
480 771
481 738
482 755
483 671
484 684
485 761
486 692
487 680
488 688
489 699
490 665
491 667
492 637
493 660
494 688
495 602
496 627
497 634
498 634
499 640
500 599
501 572
502 570
503 613
504 564
505 661
506 572
507 569
508 545
509 602
510 581
511 542
512 526
513 568
514 598
515 586
516 567
517 516
518 544
519 562
520 523
521 503
522 550
523 512
524 553
525 511
526 498
527 519
528 491
529 528
530 512
531 462
532 481
533 482
534 464
535 475
536 477
537 463
538 464
539 477
540 425
541 451
542 447
543 434
544 454
545 455
546 417
547 416
548 442
549 380
550 395
551 428
552 436
553 424
554 424
555 432
556 431
557 427
558 387
559 416
560 408
561 420
562 382
563 369
564 395
565 397
566 379
567 380
568 404
569 356
570 354
571 410
572 360
573 338
574 378
575 357
576 341
577 349
578 310
579 343
580 349
581 321
582 323
583 317
584 318
585 308
586 314
587 308
588 349
589 318
590 313
591 301
592 289
593 302
594 299
595 273
596 286
597 283
598 268
599 314
600 265
601 310
602 242
603 290
604 282
605 263
606 264
607 270
608 276
609 252
610 265
611 252
612 256
613 274
614 293
615 241
616 265
617 249
618 268
619 249
620 270
621 228
622 258
623 256
624 254
625 209
626 260
627 267
628 213
629 206
630 217
631 220
632 217
633 232
634 240
635 238
636 214
637 224
638 207
639 222
640 239
641 227
642 219
643 237
644 209
645 205
646 230
647 229
648 186
649 226
650 204
651 227
652 201
653 196
654 186
655 197
656 212
657 190
658 194
659 218
660 209
661 192
662 174
663 182
664 181
665 173
666 190
667 183
668 173
669 175
670 160
671 184
672 155
673 147
674 163
675 171
676 190
677 163
678 180
679 165
680 147
681 158
682 173
683 138
684 160
685 180
686 163
687 167
688 156
689 140
690 162
691 164
692 155
693 172
694 158
695 149
696 156
697 138
698 152
699 148
700 133
701 150
702 127
703 140
704 124
705 133
706 135
707 137
708 123
709 138
710 144
711 134
712 130
713 126
714 129
715 136
716 124
717 119
718 123
719 132
720 144
721 130
722 112
723 132
724 122
725 132
726 123
727 124
728 117
729 114
730 106
731 117
732 127
733 115
734 102
735 113
736 132
737 122
738 106
739 112
740 122
741 104
742 106
743 97
744 113
745 108
746 115
747 116
748 110
749 113
750 94
751 102
752 115
753 98
754 96
755 92
756 107
757 117
758 98
759 102
760 85
761 115
762 119
763 108
764 105
765 87
766 94
767 91
768 103
769 110
770 99
771 104
772 95
773 109
774 88
775 99
776 74
777 81
778 76
779 103
780 95
781 99
782 90
783 77
784 84
785 84
786 96
787 85
788 87
789 101
790 78
791 86
792 78
793 74
794 69
795 70
796 85
797 96
798 81
799 90
800 66
801 80
802 76
803 78
804 101
805 80
806 74
807 74
808 92
809 87
810 85
811 84
812 83
813 82
814 75
815 69
816 77
817 88
818 71
819 65
820 69
821 63
822 70
823 79
824 67
825 60
826 59
827 61
828 86
829 79
830 72
831 75
832 57
833 58
834 67
835 67
836 61
837 58
838 56
839 80
840 72
841 74
842 58
843 62
844 61
845 59
846 62
847 61
848 60
849 62
850 62
851 50
852 57
853 70
854 54
855 62
856 59
857 58
858 57
859 48
860 48
861 59
862 46
863 68
864 62
865 64
866 61
867 62
868 58
869 59
870 58
871 48
872 59
873 48
874 50
875 48
876 67
877 64
878 53
879 47
880 58
881 50
882 52
883 49
884 50
885 46
886 37
887 53
888 53
889 53
890 48
891 39
892 47
893 44
894 64
895 52
896 46
897 39
898 50
899 49
900 52
901 52
902 43
903 48
904 50
905 58
906 39
907 53
908 53
909 45
910 47
911 36
912 52
913 40
914 51
915 45
916 43
917 44
918 40
919 50
920 46
921 57
922 44
923 43
924 45
925 50
926 41
927 43
928 39
929 43
930 30
931 37
932 52
933 35
934 42
935 33
936 40
937 47
938 44
939 47
940 45
941 38
942 41
943 37
944 38
945 37
946 40
947 33
948 28
949 34
950 38
951 45
952 45
953 46
954 33
955 48
956 31
957 38
958 34
959 43
960 32
961 40
962 42
963 41
964 40
965 43
966 34
967 37
968 39
969 40
970 39
971 35
972 31
973 45
974 35
975 39
976 42
977 36
978 37
979 30
980 37
981 26
982 32
983 37
984 36
985 29
986 31
987 26
988 34
989 33
990 33
991 38
992 37
993 50
994 34
995 30
996 29
997 29
998 23
999 31
1000 26
1001 40
1002 28
1003 27
1004 25
1005 33
1006 34
1007 33
1008 39
1009 39
1010 33
1011 26
1012 24
1013 30
1014 24
1015 38
1016 24
1017 20
1018 27
1019 31
1020 33
1021 25
1022 34
1023 31
1024 31
1025 36
1026 31
1027 33
1028 24
1029 34
1030 31
1031 25
1032 33
1033 27
1034 26
1035 21
1036 33
1037 24
1038 22
1039 29
1040 34
1041 38
1042 34
1043 25
1044 26
1045 24
1046 32
1047 25
1048 14
1049 24
1050 31
1051 31
1052 20
1053 28
1054 28
1055 23
1056 27
1057 31
1058 28
1059 27
1060 22
1061 19
1062 25
1063 25
1064 21
1065 22
1066 25
1067 27
1068 29
1069 20
1070 23
1071 30
1072 27
1073 25
1074 20
1075 21
1076 16
1077 29
1078 20
1079 35
1080 23
1081 28
1082 30
1083 31
1084 23
1085 25
1086 26
1087 22
1088 22
1089 23
1090 27
1091 20
1092 23
1093 26
1094 35
1095 21
1096 25
1097 30
1098 27
1099 25
1100 21
1101 25
1102 26
1103 33
1104 26
1105 26
1106 23
1107 19
1108 18
1109 22
1110 24
1111 29
1112 21
1113 18
1114 25
1115 29
1116 24
1117 22
1118 24
1119 17
1120 24
1121 19
1122 27
1123 36
1124 22
1125 25
1126 20
1127 12
1128 28
1129 22
1130 24
1131 22
1132 21
1133 13
1134 28
1135 18
1136 14
1137 19
1138 26
1139 19
1140 22
1141 16
1142 17
1143 25
1144 20
1145 29
1146 22
1147 14
1148 17
1149 20
1150 22
1151 18
1152 33
1153 19
1154 16
1155 26
1156 18
1157 22
1158 18
1159 19
1160 20
1161 18
1162 17
1163 20
1164 17
1165 13
1166 15
1167 15
1168 19
1169 13
1170 21
1171 16
1172 18
1173 17
1174 14
1175 20
1176 15
1177 20
1178 17
1179 18
1180 16
1181 14
1182 24
1183 14
1184 24
1185 12
1186 14
1187 17
1188 22
1189 18
1190 14
1191 20
1192 19
1193 16
1194 20
1195 26
1196 19
1197 22
1198 20
1199 19
1200 21
